# date: 2026-02-11 14:10:59
0
False
23 1,1 1,20 1,11 1,24 1,16 1,13 1,13 1,6 1,14 1,1 1,8 1,15 1,7 1,14 1,19 1,0 1,22 1,15 1,9 1,18 1,6 1,13 1,13 1,10 1,11 1,12 1,10 1,1 1,7 1,21 1,3 1,20 1,7 1,9 1,25 1,2 1,25 1,16 1,5 1,14 1,15 1,22 1,18 1,22 1,19 1,0 1,2 1,11 1,17 1
7 1,19 1,5 1,6 1,23 0
2 1,0 1,16 1,25 1,12 1,6 0
20 1,15 1,3 1,18 1,21 1,23 0
14 1,12 1,3 1,8 1,25 1,4 0,16 0
0 1,24 1,11 1,23 0
4 1,17 1,1 1,17 1,8 0
9 1,24 1,10 1,3 1,17 0
22 1,5 1,9 1,21 1,20 0
24 1,18 1,2 1,4 1,5 0,4 0
21 1,10 1,19 1,12 1,8 0
