# date: 2026-02-10 18:50:42
0
False
4 1,13 1,23 1,1 1,2 1,19 1,8 1,15 1,24 1,10 1,14 1,1 1,5 1,8 1,0 1,7 1,15 1,19 1,25 1,16 1,11 1,6 1,17 1,8 1,2 1,23 1,17 1,6 1,11 1,5 1,0 1,10 1,22 1,7 1,5 1,21 1,25 1,25 1,12 1,18 1
7 1,3 1,14 1,17 1,0 1,3 0,2 0,1 0,25 0,24 0
9 1,21 1,8 1,18 1,13 1,22 0
3 1,11 1,16 1,23 1,20 1,18 0,7 0,6 0
16 1,13 1,10 1,24 0,4 0
19 1,13 1,14 1,9 1,18 0,17 0
12 1,10 1,15 1,22 1,22 0,21 0,20 0
12 1,5 0,2 0,1 0
3 1,15 1,23 1,6 0
21 1,9 1,11 1,4 1,14 0,4 0
16 1,9 1,20 1,0 1,12 0,24 0,20 0,19 0
