# date: 2026-02-10 19:22:47
0
False
49 1,35 1,13 1,21 1,5 1,37 1,17 1,40 1,40 1,39 1,9 1,0 1,27 1,3 1,43 1,51 1,12 1,8 1,21 1,18 1,50 1,37 1,44 1,9 1,6 1,7 1,2 1,6 1,24 1,11 1,1 1,29 1,47 1,8 1,17 1,38 1,0 1,10 1,25 1,28 1,42 1,1 1,43 1,46 1,23 1,18 1,45 1,11 1,30 1,42 1
47 1,41 1,12 1,51 1,15 0
28 1,35 1,5 1,46 1,38 1,27 0
2 1,22 1,50 1,20 1,48 1,36 0
7 1,39 1,22 1,29 1,34 1,10 0
14 1,14 1,16 1,33 0,32 0
44 1,20 1,19 1,13 1,31 0
19 1,15 1,4 1,23 1,36 0
32 1,41 1,24 1,33 1,31 0
45 1,26 1,25 1,3 1,30 0
49 1,4 1,26 1,16 1,48 0,34 0
