# date: 2020-05-08 20:20:00
0
False
43 1,46 1,23 1,46 1,17 1,32 1,19 1,25 1,3 1,34 1,1 1,5 1,47 1,26 1,17 1,7 1,10 1,8 1,2 1,35 1,23 1,28 1,40 1,13 1,39 1,37 1,13 1,50 1,31 1,47 1,18 1,24 1,42 1,15 1,49 1,29 1,7 1,4 1,50 1,44 1,30 1,14 1,16 1,37 1,1 1,45 1,41 1,51 1,11 1,20 1
4 1,51 1,6 1,38 1,25 1,6 0
27 1,48 1,39 1,29 1,0 1,12 0
44 1,48 1,34 1,35 1,3 1,19 0,18 0
26 1,24 1,11 1,41 1,10 1,9 0
49 1,27 1,15 1,30 1,28 0
40 1,31 1,14 1,38 0
21 1,45 1,8 1,22 1,36 0
32 1,0 1,22 1,9 1,42 0
2 1,20 1,33 1,21 1,5 0
12 1,33 1,36 1,43 1,16 0
